0,11669965 0,09627178 0,13297758 0,10009783 0,10103545 0,10599658 0,09517857 0,10606801 0,11705147 0,10591120 0,09594669 0,08391692 0,12183754 0,12709502 0,12186504 0,08501012 0,11101838 0,08899131 0,10000218 0,11101386 0,11097614 0,11708916 0,10618463 0,08989596 0,11109405 0,09604516 0,00000000 0,00000000 0,00000000 0,00000000 0,00000000 0,00000000 0,00000000 0,00000000 0,00000000 0,00000000 0,00000000 0,00000000 0,00000000 0,00000000 0,00000000 0,00000000 0,00000000 0,00000000 0,00000000 0,00000000 0,00000000 0,00000000 0,00000000 0,00000000 
0,10606884 0,07882880 0,11606745 0,07405487 0,08997400 0,12694499 0,09494334 0,09609854 0,10579953 0,09008238 0,09611951 0,07906420 0,08390501 0,08502121 0,10492180 0,00488843 0,08996669 0,08497153 0,10169432 0,08517392 0,10644443 0,09486495 0,09264399 0,10599497 0,10119967 0,10599168 0,00000000 0,00000000 0,00000000 0,00000000 0,00000000 0,00000000 0,00000000 0,00000000 0,00000000 0,00000000 0,00000000 0,00000000 0,00000000 0,00000000 0,00000000 0,00000000 0,00000000 0,00000000 0,00000000 0,00000000 0,00000000 0,00000000 0,00000000 0,00000000 
0,11240233 0,10596579 0,11194091 0,09604477 0,07399945 0,01091366 0,08394388 0,08513521 0,09996605 0,08399314 0,09592411 0,08510331 0,13198878 0,12689181 0,05292130 0,12205265 0,10598217 0,10587133 0,11213006 0,00610232 0,08509381 0,08998882 0,11697887 0,11200705 0,12701366 0,11096802 0,00000000 0,00000000 0,00000000 0,00000000 0,00000000 0,00000000 0,00000000 0,00000000 0,00000000 0,00000000 0,00000000 0,00000000 0,00000000 0,00000000 0,00000000 0,00000000 0,00000000 0,00000000 0,00000000 0,00000000 0,00000000 0,00000000 0,00000000 0,00000000 
0,09496592 0,09003394 0,12789534 0,00601165 0,11597098 0,12196539 0,10598714 0,11205380 0,11614176 0,00601206 0,08976062 0,09496186 0,08016357 0,12699978 0,12707901 0,12193688 0,10101369 0,10598504 0,11209270 0,08880740 0,08998061 0,09649102 0,10601467 0,09602053 0,09496426 0,09504513 0,00000000 0,00000000 0,00000000 0,00000000 0,00000000 0,00000000 0,00000000 0,00000000 0,00000000 0,00000000 0,00000000 0,00000000 0,00000000 0,00000000 0,00000000 0,00000000 0,00000000 0,00000000 0,00000000 0,00000000 0,00000000 0,00000000 0,00000000 0,00000000 
0,09602096 0,11103571 0,11076149 0,09617039 0,15309099 0,13699328 0,12702176 0,11597550 0,08998755 0,12197606 0,11695335 0,11703340 0,07493790 0,12692323 0,11101806 0,12700411 0,09492528 0,00498946 0,10107404 0,11701042 0,09496555 0,08961529 0,09496227 0,11702095 0,09974683 0,07918243 0,09511375 0,10610163 0,10604785 0,09499059 0,12702728 0,11603160 0,09999150 0,09472786 0,09003730 0,09508665 0,11182340 0,09500291 0,10608603 0,12192046 0,09525823 0,09997303 0,10096443 0,13309649 0,09489693 0,10101986 0,11193316 0,10093611 0,14300921 0,11693864 
0,11616926 0,11594717 0,10003420 0,15401466 0,12702997 0,10603846 0,11604528 0,10603681 0,10602901 0,00525629 0,08844769 0,10585367 0,08984682 0,08997901 0,08501012 0,00506454 0,11066739 0,10605442 0,08503722 0,09507803 0,09597255 0,09530544 0,11114281 0,10594776 0,09563916 0,10099933 0,09484726 0,09496467 0,08469999 0,00000000 0,00000000 0,00000000 0,00000000 0,00000000 0,00000000 0,00000000 0,00000000 0,00000000 0,00000000 0,00000000 0,00000000 0,00000000 0,00000000 0,00000000 0,00000000 0,00000000 0,00000000 0,00000000 0,00000000 0,00000000 
0,14308909 0,00497016 0,13802574 0,12110124 0,01605009 0,14801614 0,10607663 0,12693760 0,00494307 0,12718473 0,11047978 0,00522792 0,11095844 0,10095252 0,10073084 0,13697984 0,10095745 0,12690084 0,02700048 0,11701110 0,11193142 0,09006887 0,07404984 0,10660582 0,10602617 0,10617724 0,00000000 0,00000000 0,00000000 0,00000000 0,00000000 0,00000000 0,00000000 0,00000000 0,00000000 0,00000000 0,00000000 0,00000000 0,00000000 0,00000000 0,00000000 0,00000000 0,00000000 0,00000000 0,00000000 0,00000000 0,00000000 0,00000000 0,00000000 0,00000000 
0,11105172 0,11094868 0,08503668 0,09012918 0,09600043 0,12197935 0,11098850 0,10532128 0,10456880 0,09995579 0,10052271 0,10106541 0,11212267 0,09610638 0,08970725 0,09008533 0,09597665 0,09498772 0,10104243 0,10586889 0,07995478 0,08497463 0,09536575 0,09597784 0,00000000 0,00000000 0,00000000 0,00000000 0,00000000 0,00000000 0,00000000 0,00000000 0,00000000 0,00000000 0,00000000 0,00000000 0,00000000 0,00000000 0,00000000 0,00000000 0,00000000 0,00000000 0,00000000 0,00000000 0,00000000 0,00000000 0,00000000 0,00000000 0,00000000 0,00000000 
0,12116159 0,11602927 0,11593855 0,10489393 0,11599807 0,09532759 0,07406144 0,13806515 0,10606555 0,09493226 0,08415940 0,09602383 0,10568623 0,13302068 0,09491871 0,09603245 0,10597401 0,09601234 0,09585346 0,08394922 0,09501272 0,08995758 0,12649383 0,09013041 0,07996759 0,11198689 0,10100795 0,09494170 0,09001464 0,10094842 0,09500903 0,09483665 0,09501194 0,09508624 0,10104448 0,09509486 0,08992359 0,08992031 0,09483583 0,07893571 0,10607535 0,09597706 0,08500561 0,10004774 0,11109556 0,08508360 0,11597660 0,10002722 0,10530440 0,09011325 
0,09503612 0,10100384 0,08997523 0,09500451 0,07895524 0,09005611 0,10102437 0,09495114 0,09598935 0,10000669 0,09452630 0,10019142 0,08991579 0,09008287 0,09485841 0,11670731 0,09009929 0,09487442 0,09980020 0,11695486 0,07915164 0,10100014 0,09502508 0,07999895 0,07397668 0,11107667 0,09499716 0,08001085 0,08984806 0,10105638 0,10097592 0,08502689 0,08470135 0,09492161 0,10843791 0,08531672 0,06908853 0,09580135 0,08994563 0,08000938 0,06909936 0,09996810 0,09004621 0,09002938 0,08999284 0,10599620 0,08991854 0,09498930 0,09511287 0,08285183 
0,10087207 0,09498850 0,09496387 0,09513382 0,09582801 0,11583592 0,08496238 0,08994896 0,11087561 0,10105598 0,09604767 0,10603348 0,08991825 0,10602445 0,11098882 0,10596575 0,09498813 0,08990553 0,09008985 0,09615687 0,10604705 0,08488034 0,09345518 0,09501639 0,09490473 0,09497616 0,09002897 0,08499557 0,07933448 0,10098578 0,00000000 0,00000000 0,00000000 0,00000000 0,00000000 0,00000000 0,00000000 0,00000000 0,00000000 0,00000000 0,00000000 0,00000000 0,00000000 0,00000000 0,00000000 0,00000000 0,00000000 0,00000000 0,00000000 0,00000000 
0,14306651 0,10073413 0,08514095 0,10102724 0,11696977 0,10586686 0,12203641 0,10001654 0,11702314 0,08501123 0,09604808 0,08966004 0,09106934 0,10573011 0,10104530 0,10100384 0,12706177 0,09006850 0,10609547 0,08409508 0,07900632 0,10608852 0,08783771 0,09500942 0,08595167 0,11097377 0,08398692 0,00000000 0,00000000 0,00000000 0,00000000 0,00000000 0,00000000 0,00000000 0,00000000 0,00000000 0,00000000 0,00000000 0,00000000 0,00000000 0,00000000 0,00000000 0,00000000 0,00000000 0,00000000 0,00000000 0,00000000 0,00000000 0,00000000 0,00000000 
0,04692855 0,00480842 0,02116968 0,00486343 0,02187413 0,11103038 0,06299588 0,15455408 0,04695483 0,02709307 0,09493189 0,10606468 0,10485078 0,03098331 0,02613634 0,01004821 0,04209680 0,09598117 0,04275896 0,01611646 0,02690371 0,00501448 0,09477542 0,11207684 0,13173178 0,10101781 0,00000000 0,00000000 0,00000000 0,00000000 0,00000000 0,00000000 0,00000000 0,00000000 0,00000000 0,00000000 0,00000000 0,00000000 0,00000000 0,00000000 0,00000000 0,00000000 0,00000000 0,00000000 0,00000000 0,00000000 0,00000000 0,00000000 0,00000000 0,00000000 
0,11590571 0,09493677 0,08404405 0,09995127 0,11189821 0,11095648 0,10608320 0,11097126 0,09992212 0,10086345 0,10573380 0,11599137 0,09036613 0,09000077 0,10099070 0,11700987 0,08996752 0,09490110 0,08502285 0,09497705 0,09508663 0,10006129 0,10110319 0,08498079 0,08511872 0,08001102 0,00000000 0,00000000 0,00000000 0,00000000 0,00000000 0,00000000 0,00000000 0,00000000 0,00000000 0,00000000 0,00000000 0,00000000 0,00000000 0,00000000 0,00000000 0,00000000 0,00000000 0,00000000 0,00000000 0,00000000 0,00000000 0,00000000 0,00000000 0,00000000 
0,08005010 0,12200480 0,12285375 0,09502339 0,11096264 0,13802040 0,11597180 0,12694951 0,11203081 0,08999740 0,10600315 0,01041570 0,10081254 0,11604282 0,11192982 0,11100739 0,10090532 0,13794117 0,08490491 0,11100780 0,13806227 0,11108374 0,09991925 0,12701560 0,11599766 0,10604338 0,11594430 0,11016089 0,11204682 0,15385948 0,07890164 0,10032156 0,10602322 0,09005290 0,10598135 0,10491975 0,09503164 0,10105351 0,10633357 0,09479190 0,10143652 0,15903483 0,08396248 0,10592346 0,14303167 0,09489535 0,08937021 0,17395874 0,08496948 0,09012721 
0,02597809 0,11100123 0,09602547 0,13190243 0,13694648 0,13296034 0,11112397 0,12703489 0,11604939 0,12122358 0,10638652 0,11205699 0,00482439 0,00498654 0,11109925 0,11594499 0,01099322 0,12697392 0,09006399 0,09502549 0,09493107 0,05294757 0,00494303 0,09998124 0,09003977 0,13199166 0,13206965 0,11099744 0,08993262 0,09990078 0,11593725 0,09596022 0,09495691 0,09499673 0,10588531 0,10600025 0,08405068 0,09594626 0,08998874 0,07528222 0,08981960 0,09505663 0,11701049 0,11102714 0,08999654 0,10105968 0,10598224 0,09014310 0,08981837 0,08996123 
0,08393033 0,13196359 0,13199520 0,11093308 0,13793871 0,13199890 0,16402395 0,12697988 0,13779420 0,12201383 0,08001291 0,07999197 0,09004182 0,10483683 0,10598750 0,11693926 0,07911141 0,08991866 0,10002147 0,08998927 0,09003973 0,10007771 0,09002076 0,08991115 0,09991597 0,09496015 0,09627628 0,09003349 0,09603408 0,09577832 0,00000000 0,00000000 0,00000000 0,00000000 0,00000000 0,00000000 0,00000000 0,00000000 0,00000000 0,00000000 0,00000000 0,00000000 0,00000000 0,00000000 0,00000000 0,00000000 0,00000000 0,00000000 0,00000000 0,00000000 
0,10100220 0,12199453 0,12700575 0,09101426 0,12190135 0,11098029 0,13699903 0,10603394 0,10003502 0,09499958 0,13198166 0,08488409 0,08492145 0,08397890 0,09606820 0,12706916 0,07894721 0,10029857 0,10101205 0,08995520 0,11596880 0,09001222 0,08996173 0,11702034 0,09491458 0,09603284 0,00997074 0,00000000 0,00000000 0,00000000 0,00000000 0,00000000 0,00000000 0,00000000 0,00000000 0,00000000 0,00000000 0,00000000 0,00000000 0,00000000 0,00000000 0,00000000 0,00000000 0,00000000 0,00000000 0,00000000 0,00000000 0,00000000 0,00000000 0,00000000 
0,09006021 0,11596975 0,15797042 0,13805037 0,12202040 0,14289286 0,09860969 0,12697085 0,08498824 0,11101190 0,09502959 0,10606222 0,08994576 0,12200544 0,13200028 0,11102905 0,09490028 0,10125261 0,10608192 0,10607741 0,09527424 0,09496840 0,08517702 0,09574302 0,10112290 0,07994287 0,00000000 0,00000000 0,00000000 0,00000000 0,00000000 0,00000000 0,00000000 0,00000000 0,00000000 0,00000000 0,00000000 0,00000000 0,00000000 0,00000000 0,00000000 0,00000000 0,00000000 0,00000000 0,00000000 0,00000000 0,00000000 0,00000000 0,00000000 0,00000000 
0,09996277 0,06328242 0,09580913 0,09001752 0,08998550 0,00991528 0,10486889 0,10594691 0,02557537 0,09501071 0,07385639 0,08499904 0,09563387 0,11701069 0,10059742 0,09535677 0,00606415 0,09999068 0,09501972 0,10098537 0,09006920 0,09505745 0,11093190 0,11052178 0,00000000 0,00000000 0,00000000 0,00000000 0,00000000 0,00000000 0,00000000 0,00000000 0,00000000 0,00000000 0,00000000 0,00000000 0,00000000 0,00000000 0,00000000 0,00000000 0,00000000 0,00000000 0,00000000 0,00000000 0,00000000 0,00000000 0,00000000 0,00000000 0,00000000 0,00000000 
0,10108964 0,10012082 0,09002285 0,12093827 0,09500040 0,09004748 0,09601890 0,11185634 0,05295293 0,09494252 0,11085508 0,10095212 0,10601547 0,09475902 0,14297373 0,10096649 0,15401999 0,08499974 0,13801712 0,11706419 0,08998599 0,08502777 0,08986776 0,08501012 0,08891659 0,09067894 0,09004675 0,09581532 0,07403907 0,09501810 0,07406822 0,10099686 0,05789963 0,08980783 0,12190897 0,09497869 0,05809093 0,08499165 0,13250644 0,08017547 0,09498195 0,07891099 0,08988455 0,07391786 0,10093775 0,07655607 0,08940908 0,07910048 0,10107446 0,08507521 
0,10603025 0,10107815 0,11697552 0,11301729 0,00995182 0,11097660 0,13290204 0,12701724 0,10496741 0,10492636 0,00516187 0,11030408 0,11128481 0,09591836 0,11082954 0,10605442 0,12093686 0,11203153 0,06901025 0,00589707 0,01598427 0,10596577 0,09998493 0,07886936 0,09488913 0,09489529 0,10571581 0,08391179 0,08502800 0,00000000 0,00000000 0,00000000 0,00000000 0,00000000 0,00000000 0,00000000 0,00000000 0,00000000 0,00000000 0,00000000 0,00000000 0,00000000 0,00000000 0,00000000 0,00000000 0,00000000 0,00000000 0,00000000 0,00000000 0,00000000 
0,11592829 0,08998919 0,12201547 0,09486781 0,11078406 0,14294992 0,01096334 0,14300904 0,13202107 0,09999150 0,09605670 0,11606527 0,11601477 0,00492784 0,00430919 0,11696142 0,11607430 0,10771619 0,11103977 0,12085936 0,10101288 0,10606188 0,14852949 0,12698615 0,00000000 0,00000000 0,00000000 0,00000000 0,00000000 0,00000000 0,00000000 0,00000000 0,00000000 0,00000000 0,00000000 0,00000000 0,00000000 0,00000000 0,00000000 0,00000000 0,00000000 0,00000000 0,00000000 0,00000000 0,00000000 0,00000000 0,00000000 0,00000000 0,00000000 0,00000000 
0,11599027 0,08005913 0,10600151 0,08513439 0,08395619 0,15906158 0,09495114 0,09013821 0,08899943 0,00512493 0,09601935 0,07397339 0,07401855 0,08506226 0,09012926 0,07508671 0,08389146 0,09596803 0,09505094 0,11089851 0,11096342 0,10587792 0,10106625 0,09476680 0,11228621 0,01098145 0,00000000 0,00000000 0,00000000 0,00000000 0,00000000 0,00000000 0,00000000 0,00000000 0,00000000 0,00000000 0,00000000 0,00000000 0,00000000 0,00000000 0,00000000 0,00000000 0,00000000 0,00000000 0,00000000 0,00000000 0,00000000 0,00000000 0,00000000 0,00000000 
0,11601367 0,12215751 0,12711741 0,11091912 0,10077970 0,13718992 0,12212262 0,13783279 0,10530198 0,00498494 0,09497992 0,11594334 0,09009313 0,11104712 0,10601213 0,11604597 0,12709707 0,09497499 0,15365871 0,11101304 0,11109478 0,11114979 0,10107240 0,10605819 0,00999168 0,03179282 0,00000000 0,00000000 0,00000000 0,00000000 0,00000000 0,00000000 0,00000000 0,00000000 0,00000000 0,00000000 0,00000000 0,00000000 0,00000000 0,00000000 0,00000000 0,00000000 0,00000000 0,00000000 0,00000000 0,00000000 0,00000000 0,00000000 0,00000000 0,00000000 
0,10590668 0,12120059 0,12706938 0,12702463 0,15298795 0,18604956 0,09015135 0,12504470 0,11080623 0,11096264 0,09596926 0,07899113 0,10500021 0,09000282 0,13803651 0,11090795 0,08396823 0,08498344 0,10092091 0,09617452 0,09002084 0,10602653 0,10599825 0,10010932 0,10094637 0,10097552 0,00000000 0,00000000 0,00000000 0,00000000 0,00000000 0,00000000 0,00000000 0,00000000 0,00000000 0,00000000 0,00000000 0,00000000 0,00000000 0,00000000 0,00000000 0,00000000 0,00000000 0,00000000 0,00000000 0,00000000 0,00000000 0,00000000 0,00000000 0,00000000 
