0,10636900 0,00527891 
0,09182949 0,00891653 
0,09361421 0,01287035 
0,09717238 0,01249666 
0,10247269 0,00552399 
0,09687104 0,01226026 
0,09449103 0,01859055 
0,09929396 0,00436305 
0,09634565 0,00199432 
0,09408364 0,00217645 
0,09779550 0,00334508 
0,10129376 0,00603189 
0,05770973 0,01838930 
0,09947377 0,00421902 
0,10235657 0,00482842 
0,09895472 0,00685049 
0,10598779 0,00844152 
0,10365358 0,00659529 
0,10900859 0,00777466 
0,08460640 0,01288452 
0,09370231 0,00597856 
0,09099462 0,01515385 
0,10122386 0,01717719 
0,09257903 0,01039767 
0,10578608 0,01344581 
0,10981040 0,00968871 
