0.09556950 0.01067284 
0.09041670 0.00848220 
0.09367220 0.00894607 
0.09263870 0.00856845 
0.09487705 0.00940342 
0.07745280 0.02218983 
0.06383700 0.00577975 
0.06645870 0.00618515 
0.07494603 0.00334349 
0.07501536 0.00599411 
0.06775764 0.00845358 
0.07630344 0.00532740 
0.08425900 0.01019891 
0.06135460 0.00355824 
0.07533194 0.00639236 
0.07431260 0.00592178 
0.08878170 0.00534114 
0.08175770 0.00822527 
0.08463320 0.00664332 
0.08811680 0.00727118 
0.06891838 0.00281352 
0.07244730 0.00795732 
0.09136955 0.00909274 
0.08545850 0.01660079 
0.08950333 0.01110247 
0.10969150 0.00850765 
